$ANSIBLE_VAULT;1.1;AES256
62663236336636636161363461346432313639333933333535656332353362373163633866346566
3536653965343163306636386139326334626261653730310a613834336438616433353839333937
64653162393237616530653762366362393739366636336163666365363262376539336333313964
6533313462653764640a366139663162313261363533356135623735393537396630383638663430
64623730626361323066386434343537663561626532306562633732653266346166373365363363
65343137326366656562383363636537613430353036313335393936613362616566666231303165
36626133303762613761616336623965653136623539373265393332353435653165616630376564
35393237343034623931326433373761303465383031363432316630373039356636323533373165
38376635316435343130633866663232316539363637303436613363383933363162626336613365
31343233313538303365666639656664333231616438326365636234633865346365643236313865
31656162373336663462306236633635646535656330656665373862663030626462653832323437
64333761653236643664613235326661646638326366313730636631623364636637396338336239
33636139363834343034396331613261633135363262666333663535366533626164623162323738
33626663333732316233386435643762653862626664393762656236656166336436656236346264
62623335343532613566336236623236313530363864636636383561356362343030613332306562
62616233666232663530313161353931373361396536383333353630313433656334336330373433
31346264373834396336653163386333353532643864316462306566313238303532363665303137
64303535653766373666396633646232373565383234323533633763313031356633363663323938
65356565346439653235306638303466386139303938363937376430316539613730323466343731
38346231343734626563636333616162643465393237666538616331373035333366326531376330
35373739633762363635323933623134376233353366653039653562313465616461626261656132
35653136343335616332316334656233393632376563336439316331373164316333653762356462
62646436393238633661383833373132626563626333323134393136636261623338636163663736
64313632653934386335313339383332393532616636643763623639613934663136323937333962
34313965663263326361313265336165616235393365333361393633363137613236363264356138
65303433353761653961663138613836336432626262366164366131306439393066313830336333
31633039336636666635383233346562336461353830313132376166623564626561303635373632
65656539343631623731356362663033396538643461343963373264643534393139393566356430
62396135373231356161303666333461396138306631346630653532333736303564636536366339
65373231623239353566306561333431323062376235333530313936653937636435303466366236
35623730663137356565623862336665613962326433363162613935353763343764643034633636
31326164303934663862326465306565353231393731323564663861643036656361333537643532
35373138646265646438656233356436656163613363386339316535643136386337373837636136
30656663353361313465323137333838353363363832306164383537663737336231373234336639
66383064396538396566633337313064636631343264353034623163386462663938333065656162
64396134656137363937383861303239366334383130383065656132383132336538363234643462
39616339666530336530613239623436366665333733306239373963613030306335313861323532
33663438643230623538663230646632376336336662623064333233353164613261356564373739
65663366306438633162353530646463393236346165633863363266613762333262373434376434
36383565363061323039653530356361386331383836323761666630643465656634653139333534
66616665313236366630313238323262336533363565383862626663636266633830333737316631
64313261313337623163396635323433616330303636316239366230313666393561656239663266
61623338333835373635383333626337626332353037373238663832303734393163393166396633
32646437373262333035623561363838323436363563336131643334383531306636313066353233
33316139326561323063356365656261653131653764383962316234363962643231306535643931
37663830623530386663393730326536623539316637373833653339336563663661386639333139
66366135663338323635643037623032333533323738363463663761633136333765363933633263
32323066323861376666323437333063613866656662336434393633313731336263376232656635
63343561613531396161663265653030636664663464383762303038393835633332643766656138
6462646430626164663436323437643065616637633561623436
